0 2.0
1 14.0
2 51.0
3 171.0
4 447.0
5 1042.0
6 2150.0
7 3463.0
8 16059.0
9 25758.0
10 6328.0
11 5117.0
12 2298.0
13 1312.0
14 1025.0
15 755.0
16 611.0
17 534.0
18 499.0
19 344.0
20 248.0
21 199.0
22 153.0
23 142.0
24 107.0
25 112.0
26 127.0
27 131.0
28 117.0
29 120.0
30 150.0
31 141.0
32 121.0
33 101.0
34 93.0
35 89.0
36 115.0
37 93.0
38 83.0
39 71.0
40 75.0
41 97.0
42 83.0
43 67.0
44 85.0
45 81.0
46 81.0
47 85.0
48 92.0
49 106.0
50 78.0
51 91.0
52 87.0
53 80.0
54 91.0
55 65.0
56 93.0
57 93.0
58 86.0
59 86.0
60 86.0
61 80.0
62 92.0
63 65.0
64 79.0
65 84.0
66 68.0
67 68.0
68 60.0
69 68.0
70 73.0
71 64.0
72 63.0
73 54.0
74 62.0
75 70.0
76 67.0
77 83.0
78 65.0
79 63.0
80 65.0
81 59.0
82 49.0
83 61.0
84 73.0
85 69.0
86 82.0
87 63.0
88 67.0
89 84.0
90 87.0
91 97.0
92 115.0
93 100.0
94 119.0
95 126.0
96 142.0
97 158.0
98 157.0
99 153.0
100 197.0
101 203.0
102 206.0
103 233.0
104 238.0
105 262.0
106 247.0
107 245.0
108 258.0
109 278.0
110 280.0
111 286.0
112 278.0
113 316.0
114 309.0
115 289.0
116 292.0
117 330.0
118 358.0
119 333.0
120 276.0
121 318.0
122 284.0
123 304.0
124 305.0
125 269.0
126 262.0
127 292.0
128 260.0
129 247.0
130 288.0
131 281.0
132 264.0
133 272.0
134 263.0
135 223.0
136 261.0
137 273.0
138 255.0
139 271.0
140 278.0
141 312.0
142 290.0
143 295.0
144 298.0
145 314.0
146 332.0
147 403.0
148 437.0
149 474.0
150 479.0
151 467.0
152 419.0
153 338.0
154 306.0
155 218.0
156 221.0
157 136.0
158 93.0
159 76.0
160 43.0
161 19.0
162 18.0
163 5.0
164 4.0
165 4.0
